R1203                25771                     632193.7 4633066.5   0.0161154945
R1203                25781                     632214.9 4633079.9   0.0161154945
R1203                25791                     632236.0 4633093.2   0.0161152327
R1203                25801                     632257.1 4633106.7   0.0161152327
R1203                25811                     632278.2 4633120.1   0.0161151959
R1203                25821                     632299.3 4633133.6   0.0161151959
R1203                25831                     632320.4 4633146.9   0.0161151623
R1203                25841                     632341.5 4633160.4   0.0161151623
R1203                25851                     632362.6 4633173.7   0.0161151227
R1203                25861                     632383.8 4633187.1   0.0161151227
R1203                25871                     632404.8 4633200.5   0.0161150900
R1203                25881                     632425.9 4633213.9   0.0161150900
R1203                25891                     632447.0 4633227.2   0.0161150454
R1203                25901                     632468.2 4633240.7   0.0161150454
R1203                25911                     632489.3 4633254.0   0.0161143324
R1203                25921                     632510.4 4633267.5   0.0161143324
R1203                25931                     632531.4 4633280.8   0.0161142947
R1203                25941                     632552.6 4633294.3   0.0161142947
R1203                25951                     632573.6 4633307.6   0.0161142130
R1203                25961                     632594.7 4633321.1   0.0161142130
R1203                25971                     632615.8 4633334.5   0.0161141803
R1203                25981                     632636.9 4633348.0   0.0161141803
R1203                25991                     632658.1 4633361.3   0.0161141115
R1203                26001                     632679.1 4633374.6   0.0161141115
R1203                26011                     632700.3 4633388.0   0.0161140742
R1203                26021                     632721.4 4633401.5   0.0161140742
R1203                26031                     632742.5 4633414.9   0.0161140330
R1203                26041                     632763.6 4633428.3   0.0161140330
R1203                26051                     632784.7 4633441.7   0.0161133713
R1203                26061                     632805.8 4633455.1   0.0161133713
R1203                26071                     632826.9 4633468.4   0.0161132625
R1203                26081                     632848.1 4633481.8   0.0161132625
R1203                26091                     632869.2 4633495.3   0.0161130031
R1203                26101                     632890.3 4633508.7   0.0161130031
R1203                26111                     632911.3 4633522.0   0.0161121822
R1203                26121                     632932.5 4633535.5   0.0161121822
R1203                26131                     632953.6 4633548.8   0.0161121205
R1203                26141                     632974.7 4633562.2   0.0161121205
R1203                26151                     632995.8 4633575.7   0.0161120843
R1203                26161                     633016.8 4633589.0   0.0161120843
R1203                26171                     633038.0 4633602.3   0.0161120522
R1203                26181                     633059.1 4633615.9   0.0161120522
R1203                26191                     633080.3 4633629.3   0.0161120158
R1203                26201                     633101.3 4633642.6   0.0161120158
R1203                26211                     633122.5 4633656.0   0.0161115731
R1203                26221                     633143.6 4633669.4   0.0161115731
R1203                26231                     633164.6 4633682.8   0.0161115408
R1203                26241                     633185.8 4633696.2   0.0161115408
R1203                26251                     633206.8 4633709.6   0.0161115013
R1203                26261                     633228.0 4633723.1   0.0161115013
R1203                26271                     633249.1 4633736.4   0.0161114645
R1203                26281                     633270.2 4633749.8   0.0161114645
R1203                26291                     633291.3 4633763.2   0.0161114327
R1203                26301                     633312.4 4633776.7   0.0161114327
R1203                26311                     633333.4 4633790.0   0.0161114003
R1203                26321                     633354.6 4633803.4   0.0161114003
R1203                26331                     633375.6 4633816.8   0.0161113544
R1203                26341                     633396.8 4633830.2   0.0161113544
R1203                26351                     633417.9 4633843.6   0.0161113216
R1203                26361                     633439.0 4633857.0   0.0161113216
R1203                26371                     633460.1 4633870.3   0.0161112853
R1203                26381                     633481.2 4633883.8   0.0161112853
R1203                26391                     633502.3 4633897.1   0.0161112156
R1203                26401                     633523.4 4633910.5   0.0161112156
R1203                26411                     633544.6 4633924.0   0.0161111841
R1203                26421                     633565.7 4633937.4   0.0161111841
R1203                26431                     633586.8 4633950.8   0.0161111506
R1203                26441                     633607.9 4633964.1   0.0161111506
R1203                26451                     633629.0 4633977.6   0.0161111045
R1203                26461                     633650.1 4633991.0   0.0161111045
R1203                26471                     633671.2 4634004.4   0.0161110618
R1203                26481                     633692.3 4634017.7   0.0161110618
R1203                26491                     633713.4 4634031.2   0.0161110259
R1203                26501                     633734.5 4634044.6   0.0161110259
R1203                26511                     633755.6 4634058.0   0.0161105938
R1203                26521                     633776.7 4634071.4   0.0161105938
R1203                26531                     633797.9 4634084.8   0.0161105546
R1203                26541                     633819.0 4634098.1   0.0161105546
R1203                26551                     633840.1 4634111.6   0.0161105230
R1203                26561                     633861.2 4634125.0   0.0161105230
R1203                26571                     633882.2 4634138.3   0.0161104913
R1203                26581                     633903.4 4634151.7   0.0161104913
R1203                26591                     633924.5 4634165.2   0.0161104555
R1203                26601                     633945.6 4634178.6   0.0161104555
R1203                26611                     633966.7 4634191.9   0.0161104234
R1203                26621                     633987.8 4634205.4   0.0161104234
R1203                26631                     634008.9 4634218.7   0.0161103913
R1203                26641                     634030.0 4634232.2   0.0161103913
R1203                26651                     634051.1 4634245.5   0.0161103551
R1203                26661                     634072.2 4634258.9   0.0161103551
R1203                26671                     634093.3 4634272.3   0.0161103230
R1203                26681                     634114.4 4634285.7   0.0161103230
R1203                26691                     634135.6 4634299.1   0.0161102901
R1203                26701                     634156.6 4634312.5   0.0161102901
R1203                26711                     634177.8 4634325.9   0.0161102526
R1203                26721                     634198.9 4634339.3   0.0161102526
R1203                26731                     634220.0 4634352.7   0.0161102103
R1203                26741                     634241.0 4634366.1   0.0161102103
R1203                26751                     634262.1 4634379.6   0.0161101722
R1203                26761                     634283.3 4634393.0   0.0161101722
R1203                26771                     634304.4 4634406.4   0.0161101351
R1203                26781                     634325.4 4634419.7   0.0161101351
R1203                26791                     634346.5 4634433.3   0.0161101025
R1203                26801                     634367.7 4634446.5   0.0161101025
R1203                26811                     634388.9 4634459.9   0.0161100657
R1203                26821                     634410.0 4634473.3   0.0161100657
R1203                26831                     634431.1 4634486.8   0.0161100330
R1203                26841                     634452.2 4634500.1   0.0161100330
R1203                26851                     634473.3 4634513.5   0.0161100001
R1203                26861                     634494.4 4634526.9   0.0161100001
R1203                26871                     634515.5 4634540.3   0.0161095635
R1203                26881                     634536.5 4634553.7   0.0161095635
R1203                26891                     634557.7 4634567.0   0.0161095310
R1203                26901                     634578.8 4634580.4   0.0161095310
R1203                26911                     634599.8 4634593.9   0.0161094943
R1203                26921                     634621.0 4634607.2   0.0161094943
R1203                26931                     634642.2 4634620.6   0.0161094548
R1203                26941                     634663.2 4634634.1   0.0161094548
R1203                26951                     634684.4 4634647.4   0.0161094218
R1203                26961                     634705.5 4634660.9   0.0161094218
R1203                26971                     634726.5 4634674.2   0.0161093844
R1203                26981                     634747.7 4634687.6   0.0161093844
R1203                26991                     634768.8 4634701.1   0.0161091151
R1203                27001                     634789.9 4634714.5   0.0161091151
R1203                27011                     634811.0 4634727.9   0.0161090819
R1203                27021                     634832.0 4634741.2   0.0161090819
R1203                27031                     634853.2 4634754.7   0.0161090446
R1203                27041                     634874.2 4634768.1   0.0161090446
R1203                27051                     634895.5 4634781.4   0.0161090011
R1203                27061                     634916.6 4634794.9   0.0161090011
R1203                27071                     634937.6 4634808.3   0.0161053421
R1203                27081                     634958.7 4634821.7   0.0161053421
R1203                27091                     634979.9 4634835.0   0.0161053034
R1203                27101                     635000.9 4634848.4   0.0161053034
R1203                27111                     635022.1 4634861.9   0.0161052533
R1203                27121                     635043.1 4634875.3   0.0161052533
R1203                27131                     635064.3 4634888.6   0.0161052211
R1203                27141                     635085.4 4634902.0   0.0161052211
R1203                27151                     635106.4 4634915.5   0.0161051906
R1203                27161                     635127.6 4634928.8   0.0161051906
R1203                27171                     635148.7 4634942.2   0.0161051557
R1203                27181                     635169.8 4634955.6   0.0161051557
R1203                27191                     635190.9 4634969.0   0.0161051240
R1203                27201                     635212.0 4634982.4   0.0161051240
R1203                27211                     635233.1 4634995.8   0.0161050910
R1203                27221                     635254.2 4635009.2   0.0161050910
R1203                27231                     635275.3 4635022.6   0.0161050531
R1203                27241                     635296.4 4635036.1   0.0161050531
R1203                27251                     635317.5 4635049.4   0.0161050132
R1203                27261                     635338.6 4635062.7   0.0161050132
R1203                27271                     635359.7 4635076.2   0.0161045616
R1203                27281                     635380.9 4635089.6   0.0161045616
R1203                27291                     635402.0 4635103.0   0.0161045153
R1203                27301                     635423.0 4635116.4   0.0161045153
R1203                27311                     635444.2 4635129.9   0.0161044515
R1203                27321                     635465.3 4635143.1   0.0161044515
R1203                27331                     635486.4 4635156.6   0.0161044004
R1203                27341                     635507.5 4635170.0   0.0161044004
R1203                27351                     635528.6 4635183.4   0.0161043656
R1203                27361                     635549.6 4635196.8   0.0161043656
R1203                27371                     635570.9 4635210.2   0.0161043300
R1203                27381                     635591.9 4635223.6   0.0161043300
R1203                27391                     635613.0 4635237.0   0.0161042922
R1203                27401                     635634.2 4635250.4   0.0161042922
R1203                27411                     635655.2 4635263.8   0.0161042613
R1203                27421                     635676.4 4635277.2   0.0161042613
R1203                27431                     635697.5 4635290.6   0.0161042235
R1203                27441                     635718.5 4635303.9   0.0161042235
R1203                27451                     635739.6 4635317.4   0.0161041945
R1203                27461                     635760.7 4635330.8   0.0161041945
R1203                27471                     635781.9 4635344.2   0.0161041650
R1203                27481                     635803.0 4635357.6   0.0161041650
R1203                27491                     635824.1 4635371.0   0.0161041357
R1203                27501                     635845.1 4635384.3   0.0161041357
R1203                27511                     635866.3 4635397.7   0.0161041100
R1203                27521                     635887.4 4635411.1   0.0161041100
R1203                27531                     635908.5 4635424.6   0.0161040801
R1203                27541                     635929.6 4635437.9   0.0161040801
R1203                27551                     635950.7 4635451.4   0.0161040414
R1203                27561                     635971.9 4635464.7   0.0161040414
R1203                27571                     635992.9 4635478.2   0.0161035938
R1203                27581                     636014.0 4635491.5   0.0161035938
R1203                27591                     636035.2 4635505.0   0.0161035448
R1203                27601                     636056.2 4635518.4   0.0161035448
R1203                27611                     636077.3 4635531.7   0.0161035137
R1203                27621                     636098.4 4635545.2   0.0161035137
R1203                27631                     636119.6 4635558.4   0.0161034817
R1203                27641                     636140.7 4635571.9   0.0161034817
R1203                27651                     636161.8 4635585.3   0.0161034453
R1203                27661                     636182.8 4635598.7   0.0161034453
R1203                27671                     636204.0 4635612.1   0.0161034136
R1203                27681                     636225.1 4635625.5   0.0161034136
R1203                27691                     636246.2 4635639.0   0.0161033819
R1203                27701                     636267.3 4635652.4   0.0161033819
R1203                27711                     636288.4 4635665.7   0.0161033516
R1203                27721                     636309.5 4635679.1   0.0161033516
R1203                27731                     636330.6 4635692.5   0.0161033209
R1203                27741                     636351.7 4635705.9   0.0161033209
R1203                27751                     636372.9 4635719.3   0.0161032827
R1203                27761                     636394.0 4635732.7   0.0161032827
R1203                27771                     636415.0 4635746.1   0.0161032448
R1203                27781                     636436.2 4635759.6   0.0161032448
R1203                27791                     636457.3 4635772.9   0.0161032156
R1203                27801                     636478.4 4635786.3   0.0161032156
R1203                27811                     636499.5 4635799.7   0.0161031852
R1203                27821                     636520.6 4635813.1   0.0161031852
R1203                27831                     636541.7 4635826.5   0.0161031550
R1203                27841                     636562.8 4635839.9   0.0161031550
R1203                27851                     636583.9 4635853.3   0.0161031258
R1203                27861                     636605.0 4635866.7   0.0161031258
R1203                27871                     636626.1 4635880.1   0.0161031006
R1203                27881                     636647.3 4635893.5   0.0161031006
R1203                27891                     636668.4 4635906.9   0.0161030634
R1203                27901                     636689.5 4635920.3   0.0161030634
R1203                27911                     636710.6 4635933.7   0.0161030338
R1203                27921                     636731.7 4635947.1   0.0161030338
R1203                27931                     636752.7 4635960.4   0.0161030013
R1203                27941                     636773.9 4635973.9   0.0161030013
R1203                27951                     636795.1 4635987.3   0.0161025705
R1203                27961                     636816.1 4636000.6   0.0161025705
R1203                27971                     636837.2 4636014.1   0.0161025411
R1203                27981                     636858.4 4636027.5   0.0161025411
R1203                27991                     636879.5 4636040.9   0.0161025120
R1203                28001                     636900.5 4636054.3   0.0161025120
R1203                28011                     636921.6 4636067.7   0.0161024823
R1203                28021                     636942.7 4636081.1   0.0161024823
R1203                28031                     636963.8 4636094.5   0.0161024528
R1203                28041                     636985.0 4636107.9   0.0161024528
R1203                28051                     637006.1 4636121.2   0.0161024202
R1203                28061                     637027.1 4636134.6   0.0161024202
R1203                28071                     637048.3 4636148.0   0.0161023817
R1203                28081                     637069.4 4636161.5   0.0161023817
R1203                28091                     637090.5 4636174.9   0.0161023523
R1203                28101                     637111.6 4636188.2   0.0161023523
R1203                28111                     637132.8 4636201.7   0.0161023215
R1203                28121                     637153.8 4636215.1   0.0161023215
R1203                28131                     637175.0 4636228.5   0.0161022904
R1203                28141                     637196.0 4636241.8   0.0161022904
R1203                28151                     637217.2 4636255.3   0.0161022613
R1203                28161                     637238.2 4636268.7   0.0161022613
R1203                28171                     637259.4 4636282.0   0.0161022316
R1203                28181                     637280.5 4636295.5   0.0161022316
R1203                28191                     637301.6 4636308.8   0.0161022024
R1203                28201                     637322.7 4636322.2   0.0161022024
R1203                28211                     637343.8 4636335.7   0.0161021729
R1203                28221                     637364.9 4636349.0   0.0161021729
R1203                28231                     637386.0 4636362.4   0.0161021442
R1203                28241                     637407.1 4636375.8   0.0161021442
R1203                28251                     637428.2 4636389.2   0.0161021144
R1203                28261                     637449.3 4636402.6   0.0161021144
R1203                28271                     637470.4 4636416.0   0.0161020842
R1203                28281                     637491.5 4636429.3   0.0161020842
R1203                28291                     637512.6 4636442.8   0.0161020528
R1203                28301                     637533.8 4636456.2   0.0161020528
R1203                28311                     637554.8 4636469.6   0.0161020241
R1203                28321                     637576.0 4636483.0   0.0161020241
R1203                28331                     637597.1 4636496.4   0.0161015932
R1203                28341                     637618.1 4636509.8   0.0161015932
R1203                28351                     637639.3 4636523.2   0.0161014559
R1203                28361                     637660.3 4636536.6   0.0161014559
R1203                28371                     637681.5 4636550.0   0.0161014229
R1203                28381                     637702.6 4636563.4   0.0161014229
R1203                28391                     637723.7 4636576.8   0.0161013942
R1203                28401                     637744.7 4636590.3   0.0161013942
R1203                28411                     637765.9 4636603.6   0.0161013518
R1203                28421                     637787.0 4636617.0   0.0161013518
R1203                28431                     637808.2 4636630.4   0.0161013219
R1203                28441                     637829.3 4636643.8   0.0161013219
R1203                28451                     637850.4 4636657.2   0.0161012832
R1203                28461                     637871.4 4636670.6   0.0161012832
R1203                28471                     637892.6 4636683.9   0.0161012521
R1203                28481                     637913.6 4636697.4   0.0161012521
R1203                28491                     637934.8 4636710.8   0.0161012223
R1203                28501                     637955.9 4636724.2   0.0161012223
R1203                28511                     637977.0 4636737.6   0.0161011120
R1203                28521                     637998.1 4636750.9   0.0161011120
R1203                28531                     638019.2 4636764.4   0.0161010823
R1203                28541                     638040.3 4636777.7   0.0161010823
R1203                28551                     638061.4 4636791.1   0.0161010535
R1203                28561                     638082.5 4636804.5   0.0161010535
R1203                28571                     638103.6 4636817.9   0.0161010214
R1203                28581                     638124.7 4636831.3   0.0161010214
R1203                28591                     638145.8 4636844.7   0.0161005904
R1203                28601                     638166.9 4636858.2   0.0161005904
R1203                28611                     638188.1 4636871.5   0.0161005557
R1203                28621                     638209.2 4636885.0   0.0161005557
R1203                28631                     638230.2 4636898.3   0.0161005245
R1203                28641                     638251.3 4636911.7   0.0161005245
R1203                28651                     638272.5 4636925.1   0.0161004922
R1203                28661                     638293.7 4636938.6   0.0161004922
R1203                28671                     638314.7 4636951.9   0.0161004543
R1203                28681                     638335.8 4636965.3   0.0161004543
R1203                28691                     638356.9 4636978.7   0.0161004218
R1203                28701                     638378.0 4636992.1   0.0161004218
R1203                28711                     638399.1 4637005.5   0.0161003907
R1203                28721                     638420.3 4637019.0   0.0161003907
R1203                28731                     638441.3 4637032.3   0.0161003524
R1203                28741                     638462.4 4637045.7   0.0161003524
R1203                28751                     638483.5 4637059.1   0.0161000942
R1203                28761                     638504.6 4637072.5   0.0161000942
R1203                28771                     638525.8 4637086.0   0.0161000621
R1203                28781                     638546.8 4637099.3   0.0161000621
R1203                28791                     638567.9 4637112.7   0.0161000309
R1203                28801                     638589.0 4637126.1   0.0161000309
R1203                28811                     638610.2 4637139.5   0.0161000011
R1203                28821                     638631.4 4637153.0   0.0161000011
R1203                28831                     638652.4 4637166.3   0.0161000011
R1203                28841                     638673.4 4637179.7   0.0161000011
R1203                28851                     638694.6 4637193.0   0.0161000011
R1203                28861                     638715.7 4637206.5   0.0161000011
R1203                28871                     638736.9 4637219.9   0.0161000011
R1203                28881                     638757.9 4637233.3   0.0161000011
R1203                28891                     638779.0 4637246.7   0.0161000011
R1203                28901                     638800.1 4637260.1   0.0161000011
R1203                28911                     638821.3 4637273.5   0.0161000011
R1203                28921                     638842.4 4637286.9   0.0161000011
R1203                28931                     638863.5 4637300.3   0.0161000011
R1203                28941                     638884.6 4637313.7   0.0161000011
R1203                28951                     638905.6 4637327.0   0.0161000011
R1203                28961                     638926.8 4637340.5   0.0161000011
R1203                28971                     638947.9 4637353.9   0.0161000011
R1203                28981                     638969.0 4637367.3   0.0161000011
R1203                28991                     638990.1 4637380.7   0.0161000011
R1203                29001                     639011.2 4637394.1   0.0161000011
R1203                29011                     639032.3 4637407.5   0.0161000011
R1203                29021                     639053.5 4637420.9   0.0161000011
R1203                29031                     639074.5 4637434.3   0.0161000011
R1203                29041                     639095.6 4637447.5   0.0161000011
R1203                29051                     639116.7 4637461.1   0.0161000011
R1203                29061                     639137.8 4637474.4   0.0161000011
R1203                29071                     639158.9 4637487.8   0.0161000011
R1203                29081                     639180.1 4637501.3   0.0161000011
R1203                29091                     639201.2 4637514.7   0.0161000011
R1203                29101                     639222.3 4637528.1   0.0161000011
R1203                29111                     639243.4 4637541.5   0.0161000011
R1203                29121                     639264.5 4637554.9   0.0161000011
R1203                29131                     639285.6 4637568.3   0.0161000011
R1203                29141                     639306.7 4637581.6   0.0161000011
R1203                29151                     639327.8 4637595.0   0.0161000011
R1203                29161                     639348.9 4637608.4   0.0161000011
R1203                29171                     639370.0 4637621.9   0.0161000011
R1203                29181                     639391.2 4637635.2   0.0161000011
R1203                29191                     639412.2 4637648.6   0.0161000011
R1203                29201                     639433.4 4637661.9   0.0161000011
R1203                29211                     639454.4 4637675.4   0.0161000011
R1203                29221                     639475.5 4637688.8   0.0161000011
R1203                29231                     639496.6 4637702.2   0.0161000011
R1203                29241                     639517.7 4637715.6   0.0161000011
R1203                29251                     639538.9 4637729.0   0.0161000011
R1203                29261                     639560.0 4637742.4   0.0161000011
R1203                29271                     639581.1 4637755.8   0.0161000011
R1203                29281                     639602.1 4637769.2   0.0161000011
R1203                29291                     639623.3 4637782.6   0.0161000011
R1203                29301                     639644.4 4637796.1   0.0161000011
R1203                29311                     639665.6 4637809.4   0.0161000011
R1203                29321                     639686.6 4637822.8   0.0161000011
R1203                29331                     639707.7 4637836.2   0.0161000011
R1203                29341                     639728.9 4637849.6   0.0161000011
R1203                29351                     639749.9 4637863.0   0.0161000011
R1203                29361                     639771.1 4637876.4   0.0161000011
R1203                29371                     639792.2 4637889.8   0.0161000011
R1203                29381                     639813.3 4637903.1   0.0161000011
R1203                29391                     639834.4 4637916.6   0.0161000011
R1203                29401                     639855.5 4637930.0   0.0161000011
R1203                29411                     639876.6 4637943.4   0.0161000011
R1203                29421                     639897.7 4637956.9   0.0161000011
R1203                29431                     639918.8 4637970.1   0.0161000011
R1203                29441                     639940.0 4637983.5   0.0161000011
R1203                29451                     639961.0 4637996.9   0.0161000011
R1203                29461                     639982.1 4638010.4   0.0161000011
R1203                29471                     640003.2 4638023.8   0.0161000011
R1203                29481                     640024.3 4638037.2   0.0161000011
R1203                29491                     640045.5 4638050.5   0.0161000011
R1203                29501                     640066.5 4638064.0   0.0161000011
R1203                29511                     640087.7 4638077.3   0.0161000011
R1203                29521                     640108.8 4638090.8   0.0161000011
R1203                29531                     640129.9 4638104.2   0.0161000011
R1203                29541                     640150.9 4638117.6   0.0161000011
R1203                29551                     640172.1 4638131.0   0.0161000011
R1203                29561                     640193.2 4638144.4   0.0161000011
R1203                29571                     640214.3 4638157.8   0.0161000011
R1203                29581                     640235.4 4638171.1   0.0161000011
R1203                29591                     640256.5 4638184.5   0.0161000011
R1203                29601                     640277.6 4638198.0   0.0161000011
R1203                29611                     640298.6 4638211.3   0.0161000011
R1203                29621                     640319.8 4638224.7   0.0161000011
R1203                29631                     640340.9 4638238.2   0.0161000011
R1203                29641                     640362.0 4638251.5   0.0161000011
R1203                29651                     640383.1 4638265.0   0.0161000011
R1203                29661                     640404.3 4638278.4   0.0161000011
R1203                29671                     640425.4 4638291.8   0.0161000011
R1203                29681                     640446.5 4638305.2   0.0161000011
R1203                29691                     640467.6 4638318.5   0.0161000011
R1203                29701                     640488.7 4638332.0   0.0161000011
R1203                29711                     640509.8 4638345.4   0.0161000011
R1203                29721                     640530.9 4638358.7   0.0161000011
R1203                29731                     640551.9 4638372.2   0.0161000011
R1203                29741                     640573.1 4638385.5   0.0161000011
R1203                29751                     640594.2 4638398.9   0.0161000011
R1203                29761                     640615.3 4638412.4   0.0161000011
R1203                29771                     640636.4 4638425.7   0.0161000011
R1203                29781                     640657.6 4638439.1   0.0161000011
R1203                29791                     640678.6 4638452.6   0.0161000011
R1203                29801                     640699.8 4638465.9   0.0161000011
R1203                29811                     640720.8 4638479.3   0.0161000011
R1203                29821                     640742.0 4638492.7   0.0161000011
R1203                29831                     640763.1 4638506.1   0.0161000011
R1203                29841                     640784.2 4638519.5   0.0161000011
R1203                29851                     640805.3 4638532.9   0.0161000011
R1203                29861                     640826.4 4638546.3   0.0161000011
R1203                29871                     640847.5 4638559.7   0.0161000011
R1203                29881                     640868.6 4638573.0   0.0161000011
R1203                29891                     640889.7 4638586.6   0.0161000011
R1203                29901                     640910.8 4638599.9   0.0161000011
R1203                29911                     640931.9 4638613.3   0.0161000011
R1203                29921                     640953.0 4638626.7   0.0161000011
R1203                29931                     640974.1 4638640.1   0.0161000011
R1203                29941                     640995.3 4638653.5   0.0161000011
R1203                29951                     641016.4 4638666.9   0.0161000011
R1203                29961                     641037.5 4638680.3   0.0161000011
R1203                29971                     641058.5 4638693.7   0.0161000011
R1203                29981                     641079.7 4638707.1   0.0161000011
R1203                29991                     641100.8 4638720.5   0.0161000011
R1203                30001                     641121.9 4638733.9   0.0161000011
R1203                30011                     641143.0 4638747.4   0.0161000011
R1203                30021                     641164.1 4638760.7   0.0161000011
R1203                30031                     641185.2 4638774.1   0.0161000011
R1203                30041                     641206.3 4638787.5   0.0161000011
R1203                30051                     641227.4 4638800.8   0.0161000011
R1203                30061                     641248.5 4638814.3   0.0161000011
R1203                30071                     641269.6 4638827.6   0.0161000011
R1203                30081                     641290.7 4638841.1   0.0161000011
R1203                30091                     641311.8 4638854.5   0.0161000011
R1203                30101                     641333.0 4638867.8   0.0161000011
R1203                30111                     641354.1 4638881.3   0.0161000011
R1203                30121                     641375.1 4638894.6   0.0161000011
R1203                30131                     641396.3 4638908.1   0.0161000011
R1203                30141                     641417.3 4638921.5   0.0161000011
R1203                30151                     641438.4 4638934.8   0.0161000011
R1203                30161                     641459.6 4638948.2   0.0161000011
R1203                30171                     641480.7 4638961.6   0.0161000011
R1203                30181                     641501.9 4638975.1   0.0161000011
R1203                30191                     641522.9 4638988.5   0.0161000011
R1203                30201                     641544.0 4639001.9   0.0161000011
R1203                30211                     641565.1 4639015.3   0.0161000011
R1203                30221                     641586.2 4639028.6   0.0161000011
R1203                30231                     641607.3 4639042.0   0.0161000011
R1203                30241                     641628.5 4639055.4   0.0161000011
R1203                30251                     641649.5 4639068.8   0.0161000011
R1203                30261                     641670.7 4639082.3   0.0161000011
R1203                30271                     641691.7 4639095.6   0.0161000011
R1203                30281                     641712.9 4639109.1   0.0161000011
R1203                30291                     641733.9 4639122.4   0.0161000011
R1203                30301                     641755.0 4639135.8   0.0161000011
R1203                30311                     641776.2 4639149.2   0.0161000011
R1203                30321                     641797.3 4639162.6   0.0161000011
R1203                30331                     641818.5 4639176.1   0.0161000011
R1203                30341                     641839.6 4639189.4   0.0161000011
R1203                30351                     641860.6 4639202.8   0.0161000011
R1203                30361                     641881.8 4639216.3   0.0161000011
R1203                30371                     641902.9 4639229.7   0.0161000011
R1203                30381                     641923.9 4639243.0   0.0161000011
R1203                30391                     641945.0 4639256.4   0.0161000011
R1203                30401                     641966.1 4639269.8   0.0161000011
R1203                30411                     641987.2 4639283.2   0.0161000011
R1203                30421                     642008.3 4639296.6   0.0161000011
R1203                30431                     642029.5 4639310.0   0.0161000011
R1203                30441                     642050.6 4639323.4   0.0161000011
R1203                30451                     642071.6 4639336.8   0.0161000011
R1203                30461                     642092.8 4639350.1   0.0161000011
R1203                30471                     642113.9 4639363.7   0.0161000011
R1203                30481                     642135.0 4639377.0   0.0161000011
R1203                30491                     642156.1 4639390.4   0.0161000011
R1203                30501                     642177.2 4639403.8   0.0161000011
R1203                30511                     642198.3 4639417.1   0.0161000011
R1203                30521                     642219.5 4639430.6   0.0161000011
R1203                30531                     642240.6 4639444.0   0.0161000011
R1203                30541                     642261.7 4639457.4   0.0161000011
R1203                30551                     642282.8 4639470.8   0.0161000011
R1203                30561                     642303.9 4639484.2   0.0161000011
R1203                30571                     642325.0 4639497.6   0.0161000011
R1203                30581                     642346.1 4639511.0   0.0161000011
R1203                30591                     642367.2 4639524.4   0.0161000011
R1203                30601                     642388.3 4639537.8   0.0161000011
R1203                30611                     642409.4 4639551.1   0.0161000011
R1203                30621                     642430.5 4639564.5   0.0161000011
R1203                30631                     642451.6 4639577.9   0.0161000011
R1203                30641                     642472.7 4639591.3   0.0161000011
R1203                30651                     642493.8 4639604.7   0.0161000011
R1203                30661                     642514.9 4639618.2   0.0161000011
R1203                30671                     642536.1 4639631.5   0.0161000011
R1203                30681                     642557.2 4639644.9   0.0161000011
R1203                30691                     642578.2 4639658.4   0.0161000011
R1203                30701                     642599.3 4639671.8   0.0161000011
R1203                30711                     642620.4 4639685.1   0.0161000011
R1203                30721                     642641.6 4639698.6   0.0161000011
R1203                30731                     642662.7 4639712.0   0.0161000011
R1203                30741                     642683.8 4639725.3   0.0161000011
R1203                30751                     642704.9 4639738.8   0.0161000011
R1203                30761                     642726.0 4639752.2   0.0161000011
R1203                30771                     642747.1 4639765.5   0.0161000011
R1203                30781                     642768.2 4639778.9   0.0161000011
R1203                30791                     642789.3 4639792.3   0.0161000011
R1203                30801                     642810.4 4639805.7   0.0161000011
R1203                30811                     642831.5 4639819.1   0.0161000011
R1203                30821                     642852.6 4639832.5   0.0161000011
R1203                30831                     642873.7 4639845.9   0.0161000011
R1203                30841                     642894.9 4639859.3   0.0161000011
R1203                30851                     642916.0 4639872.7   0.0161000011
R1203                30861                     642937.0 4639886.1   0.0161000011
R1203                30871                     642958.2 4639899.5   0.0161000011
R1203                30881                     642979.3 4639912.9   0.0161000011
R1203                30891                     643000.4 4639926.3   0.0161000011
R1203                30901                     643021.5 4639939.7   0.0161000011
R1203                30911                     643042.6 4639953.1   0.0161000011
R1203                30921                     643063.8 4639966.6   0.0161000011
R1203                30931                     643084.8 4639979.9   0.0161000011
R1203                30941                     643105.9 4639993.3   0.0161000011
R1203                30951                     643127.0 4640006.8   0.0161000011
R1203                30961                     643148.1 4640020.1   0.0161000011
R1203                30971                     643169.2 4640033.5   0.0161000011
R1203                30981                     643190.3 4640046.9   0.0161000011
R1203                30991                     643211.5 4640060.4   0.0161000011
R1203                31001                     643232.5 4640073.7   0.0161000011
R1203                31011                     643253.7 4640087.0   0.0161000011
R1203                31021                     643274.8 4640100.5   0.0161000011
R1203                31031                     643295.8 4640113.8   0.0161000011
R1203                31041                     643317.0 4640127.3   0.0161000011
R1203                31051                     643338.1 4640140.7   0.0161000011
R1203                31061                     643359.1 4640154.0   0.0161000011
R1203                31071                     643380.3 4640167.5   0.0161000011
R1203                31081                     643401.4 4640180.9   0.0161000011
R1203                31091                     643422.6 4640194.3   0.0161000011
R1203                31101                     643443.6 4640207.7   0.0161000011
R1203                31111                     643464.7 4640221.0   0.0161000011
R1203                31121                     643485.8 4640234.5   0.0161000011
R1203                31131                     643506.9 4640247.8   0.0161000011
R1203                31141                     643528.1 4640261.2   0.0161000011
R1203                31151                     643549.1 4640274.7   0.0161000011
R1203                31161                     643570.3 4640288.1   0.0161000011
R1203                31171                     643591.4 4640301.5   0.0161000011
R1203                31181                     643612.5 4640314.8   0.0161000011
R1203                31191                     643633.6 4640328.2   0.0161000011
R1203                31201                     643654.7 4640341.7   0.0161000011
R1203                31211                     643675.8 4640355.1   0.0161000011
R1203                31221                     643696.9 4640368.5   0.0161000011
R1203                31231                     643718.0 4640381.9   0.0161000011
R1203                31241                     643739.1 4640395.2   0.0161000011
R1203                31251                     643760.2 4640408.6   0.0161000011
R1203                31261                     643781.4 4640422.0   0.0161000011
R1203                31271                     643802.5 4640435.4   0.0161000011
R1203                31281                     643823.6 4640448.8   0.0161000011
R1203                31291                     643844.6 4640462.2   0.0161000011
R1203                31301                     643865.7 4640475.7   0.0161000011
R1203                31311                     643886.9 4640489.0   0.0161000011
R1203                31321                     643907.9 4640502.4   0.0161000011
R1203                31331                     643929.1 4640515.8   0.0161000011
R1203                31341                     643950.2 4640529.2   0.0161000011
R1203                31351                     643971.3 4640542.6   0.0161000011
R1203                31361                     643992.4 4640556.0   0.0161000011
R1203                31371                     644013.5 4640569.4   0.0161000011
R1203                31381                     644034.6 4640582.8   0.0161000011
R1203                31391                     644055.7 4640596.2   0.0161000011
R1203                31401                     644076.8 4640609.6   0.0161000011
R1203                31411                     644097.9 4640623.0   0.0161000011
R1203                31421                     644119.0 4640636.4   0.0161000011
R1203                31431                     644140.1 4640649.8   0.0161000011
R1203                31441                     644161.3 4640663.2   0.0161000011
R1203                31451                     644182.3 4640676.6   0.0161000011
R1203                31461                     644203.5 4640690.0   0.0161000011
R1203                31471                     644224.6 4640703.4   0.0161000011
R1203                31481                     644245.7 4640716.8   0.0161000011
R1203                31491                     644266.8 4640730.2   0.0161000011
R1203                31501                     644287.9 4640743.7   0.0161000011
R1203                31511                     644309.0 4640757.0   0.0161000011
R1203                31521                     644330.1 4640770.4   0.0161000011
R1203                31531                     644351.2 4640783.8   0.0161000011
R1203                31541                     644372.3 4640797.2   0.0161000011
R1203                31551                     644393.4 4640810.5   0.0161000011
R1203                31561                     644414.5 4640824.0   0.0161000011
R1203                31571                     644435.6 4640837.3   0.0161000011
R1203                31581                     644456.7 4640850.7   0.0161000011
R1203                31591                     644477.9 4640864.2   0.0161000011
R1203                31601                     644499.0 4640877.6   0.0161000011
R1203                31611                     644520.1 4640890.9   0.0161000011
R1203                31621                     644541.1 4640904.4   0.0161000011
R1203                31631                     644562.3 4640917.8   0.0161000011
R1203                31641                     644583.4 4640931.2   0.0161000011
R1203                31651                     644604.5 4640944.5   0.0161000011
R1203                31661                     644625.6 4640958.0   0.0161000011
R1203                31671                     644646.7 4640971.4   0.0161000011
R1203                31681                     644667.8 4640984.7   0.0161000011
R1203                31691                     644689.0 4640998.2   0.0161000309
R1203                31701                     644710.0 4641011.6   0.0161000011
R1203                31711                     644731.2 4641025.0   0.0161000011
R1203                31721                     644752.2 4641038.4   0.0161000011
R1203                31731                     644773.3 4641051.7   0.0161000011
R1203                31741                     644794.4 4641065.2   0.0161000011
R1203                31751                     644815.5 4641078.5   0.0161000011
R1203                31761                     644836.7 4641091.9   0.0161000011
R1203                31771                     644857.7 4641105.3   0.0161000011
R1203                31781                     644878.9 4641118.7   0.0161000011
R1203                31791                     644900.0 4641132.1   0.0161000011
R1203                31801                     644921.1 4641145.5   0.0161000011
R1203                31811                     644942.2 4641158.9   0.0161000011
R1203                31821                     644963.4 4641172.4   0.0161000011
R1203                31831                     644984.4 4641185.8   0.0161000011
R1203                31841                     645005.6 4641199.1   0.0161000011
R1203                31851                     645026.6 4641212.5   0.0161000011
R1203                31861                     645047.7 4641225.8   0.0161000011
R1203                31871                     645068.9 4641239.4   0.0161000011
R1203                31881                     645089.9 4641252.6   0.0161000011
R1203                31891                     645111.1 4641266.1   0.0161000011
R1203                31901                     645132.2 4641279.5   0.0161000011
R1203                31911                     645153.3 4641292.9   0.0161000011
R1203                31921                     645174.4 4641306.3   0.0161000011
R1203                31931                     645195.5 4641319.7   0.0161000011
R1203                31941                     645216.6 4641333.1   0.0161000011
R1203                31951                     645237.7 4641346.5   0.0161000011
R1203                31961                     645258.8 4641359.9   0.0161000011
R1203                31971                     645279.9 4641373.3   0.0161000011
R1203                31981                     645301.0 4641386.7   0.0161000011
R1203                31991                     645322.1 4641400.1   0.0161000011
R1203                32001                     645343.3 4641413.5   0.0161000011
R1203                32011                     645364.3 4641426.9   0.0161000011
R1203                32021                     645385.4 4641440.3   0.0161000011
R1203                32031                     645406.6 4641453.7   0.0161000011
R1203                32041                     645427.6 4641467.1   0.0161000011
R1203                32051                     645448.8 4641480.5   0.0161000011
R1203                32061                     645469.9 4641493.9   0.0161000011
R1203                32071                     645490.9 4641507.3   0.0161000011
R1203                32081                     645512.1 4641520.6   0.0161000011
R1203                32091                     645533.2 4641534.0   0.0161000011
R1203                32101                     645554.3 4641547.5   0.0161000011
R1203                32111                     645575.4 4641560.9   0.0161000011
R1203                32121                     645596.4 4641574.3   0.0161000011
R1203                32131                     645617.6 4641587.7   0.0161000011
R1203                32141                     645638.7 4641601.1   0.0161000011
R1203                32151                     645659.8 4641614.4   0.0161000011
R1203                32161                     645681.0 4641627.8   0.0161000011
R1203                32171                     645702.1 4641641.3   0.0161000011
R1203                32181                     645723.1 4641654.6   0.0161000011
R1203                32191                     645744.2 4641668.1   0.0161000011
R1203                32201                     645765.4 4641681.5   0.0161000011
R1203                32211                     645786.5 4641694.9   0.0161000011
R1203                32221                     645807.6 4641708.2   0.0161000011
R1203                32231                     645828.7 4641721.6   0.0161000011
R1203                32241                     645849.8 4641735.0   0.0161000011
R1203                32251                     645870.8 4641748.4   0.0161000011
R1203                32261                     645892.0 4641761.8   0.0161000011
R1203                32271                     645913.1 4641775.3   0.0161000011
R1203                32281                     645934.2 4641788.6   0.0161000011
R1203                32291                     645955.3 4641802.0   0.0161000011
R1203                32301                     645976.4 4641815.5   0.0161000011
R1203                32311                     645997.5 4641828.8   0.0161000011
R1203                32321                     646018.6 4641842.2   0.0161000011
R1203                32331                     646039.8 4641855.7   0.0161000011
R1203                32341                     646060.9 4641869.0   0.0161000011
R1203                32351                     646082.0 4641882.4   0.0161000011
R1203                32361                     646103.0 4641895.7   0.0161000011
R1203                32371                     646124.1 4641909.2   0.0161000011
R1203                32381                     646145.2 4641922.6   0.0161000011
R1203                32391                     646166.4 4641936.0   0.0161000011
R1203                32401                     646187.5 4641949.4   0.0161000011
R1203                32411                     646208.6 4641962.8   0.0161000011
R1203                32421                     646229.7 4641976.2   0.0161000011
R1203                32431                     646250.8 4641989.6   0.0161000011
R1203                32441                     646271.9 4642003.0   0.0161000011
R1203                32451                     646293.0 4642016.4   0.0161000011
R1203                32461                     646314.2 4642029.8   0.0161000011
R1203                32471                     646335.2 4642043.2   0.0161000011
R1203                32481                     646356.3 4642056.7   0.0161000011
R1203                32491                     646377.4 4642070.0   0.0161000011
R1203                32501                     646398.5 4642083.4   0.0161000011
R1203                32511                     646419.6 4642096.7   0.0161000011
R1203                32521                     646440.8 4642110.2   0.0161000011
R1203                32531                     646461.9 4642123.6   0.0161000011
R1203                32541                     646482.9 4642137.0   0.0161000011
R1203                32551                     646504.1 4642150.4   0.0161000011
R1203                32561                     646525.2 4642163.8   0.0161000011
R1203                32571                     646546.3 4642177.2   0.0161000011
R1203                32581                     646567.4 4642190.6   0.0161000011
R1203                32591                     646588.5 4642203.9   0.0161000011
R1203                32601                     646609.6 4642217.4   0.0161000011
R1203                32611                     646630.8 4642230.8   0.0161000011
R1203                32621                     646651.9 4642244.2   0.0161000011
R1203                32631                     646672.9 4642257.5   0.0161000011
R1203                32641                     646694.1 4642271.0   0.0161000011
R1203                32651                     646715.1 4642284.3   0.0161000011
R1203                32661                     646736.2 4642297.8   0.0161000011
R1203                32671                     646757.3 4642311.1   0.0161000011
R1203                32681                     646778.5 4642324.6   0.0161000011
R1203                32691                     646799.6 4642337.9   0.0161000011
R1203                32701                     646820.7 4642351.4   0.0161000011
R1203                32711                     646841.8 4642364.7   0.0161000011
R1203                32721                     646862.9 4642378.1   0.0161000011
R1203                32731                     646884.0 4642391.5   0.0161000011
R1203                32741                     646905.0 4642405.0   0.0161000011
R1203                32751                     646926.2 4642418.3   0.0161000011
R1203                32761                     646947.3 4642431.8   0.0161000011
R1203                32771                     646968.5 4642445.1   0.0161000011
R1203                32781                     646989.6 4642458.5   0.0161000011
R1203                32791                     647010.7 4642472.0   0.0161000011
R1203                32801                     647031.7 4642485.3   0.0161000011
R1203                32811                     647052.8 4642498.8   0.0161000011
R1203                32821                     647074.0 4642512.1   0.0161000011
R1203                32831                     647095.0 4642525.4   0.0161000011
R1203                32841                     647116.1 4642538.9   0.0161000011
R1203                32851                     647137.2 4642552.3   0.0161000011
R1203                32861                     647158.4 4642565.7   0.0161000011
R1203                32871                     647179.5 4642579.1   0.0161000011
R1203                32881                     647200.5 4642592.5   0.0161000011
R1203                32891                     647221.7 4642605.9   0.0161000011
R1203                32901                     647242.8 4642619.4   0.0161000011
R1203                32911                     647263.8 4642632.7   0.0161000011
R1203                32921                     647285.0 4642646.1   0.0161000011
R1203                32931                     647306.2 4642659.5   0.0161000011
R1203                32941                     647327.2 4642672.9   0.0161000011
R1203                32951                     647348.3 4642686.3   0.0161000011
R1203                32961                     647369.5 4642699.7   0.0161000011
R1203                32971                     647390.6 4642713.1   0.0161000011
R1203                32981                     647411.7 4642726.5   0.0161000011
R1203                32991                     647432.8 4642740.0   0.0161000011
R1203                33001                     647453.9 4642753.3   0.0161000011
R1203                33011                     647474.9 4642766.7   0.0161000011
R1203                33021                     647496.1 4642780.1   0.0161000011
R1203                33031                     647517.2 4642793.5   0.0161000011
R1203                33041                     647538.3 4642806.9   0.0161000011
R1203                33051                     647559.4 4642820.4   0.0161000011
R1203                33061                     647580.5 4642833.7   0.0161000011
R1203                33071                     647601.7 4642847.1   0.0161000011
R1203                33081                     647622.7 4642860.5   0.0161000011
R1203                33091                     647643.8 4642873.9   0.0161000011
R1203                33101                     647665.0 4642887.2   0.0161000011
R1203                33111                     647686.1 4642900.7   0.0161000011
R1203                33121                     647707.1 4642914.0   0.0161000011
R1203                33131                     647728.2 4642927.5   0.0161000011
R1203                33141                     647749.4 4642940.9   0.0161000011
R1203                33151                     647770.4 4642954.4   0.0161000011
R1203                33161                     647791.5 4642967.7   0.0161000011
R1203                33171                     647812.7 4642981.1   0.0161000011
R1203                33181                     647833.8 4642994.4   0.0161000011
R1203                33191                     647854.9 4643007.9   0.0161000011
R1203                33201                     647876.1 4643021.3   0.0161000011
R1203                33211                     647897.1 4643034.7   0.0161000011
R1203                33221                     647918.2 4643048.1   0.0161000011
R1203                33231                     647939.3 4643061.4   0.0161000011
R1203                33241                     647960.5 4643074.9   0.0161000011
R1203                33251                     647981.6 4643088.2   0.0161000011
R1203                33261                     648002.6 4643101.5   0.0161000011
R1203                33271                     648023.7 4643115.0   0.0161000011
R1203                33281                     648044.9 4643128.5   0.0161000011
R1203                33291                     648065.9 4643141.9   0.0161000011
R1203                33301                     648087.1 4643155.2   0.0161000011
R1203                33311                     648108.2 4643168.6   0.0161000011
R1203                33321                     648129.3 4643182.1   0.0161000011
R1203                33331                     648150.4 4643195.5   0.0161000011
R1203                33341                     648171.5 4643208.8   0.0161000011
R1203                33351                     648192.6 4643222.2   0.0161000011
R1203                33361                     648213.7 4643235.6   0.0161000011
R1203                33371                     648234.8 4643249.0   0.0161000011
R1203                33381                     648255.9 4643262.4   0.0161000011
R1203                33391                     648277.0 4643275.8   0.0161000011
R1203                33401                     648298.1 4643289.3   0.0161000011
R1203                33411                     648319.3 4643302.6   0.0161000011
R1203                33421                     648340.4 4643316.0   0.0161000011
R1203                33431                     648361.5 4643329.4   0.0161000011
R1203                33441                     648382.6 4643342.8   0.0161000011
R1203                33451                     648403.6 4643356.2   0.0161000011
R1203                33461                     648424.8 4643369.6   0.0161000011
R1203                33471                     648445.9 4643383.0   0.0161000011
R1203                33481                     648467.0 4643396.5   0.0161000011
R1203                33491                     648488.1 4643409.9   0.0161000011
R1203                33501                     648509.2 4643423.2   0.0161000011
R1203                33511                     648530.3 4643436.6   0.0161000011
R1203                33521                     648551.4 4643450.0   0.0161000011
R1203                33531                     648572.5 4643463.4   0.0161000011
R1203                33541                     648593.6 4643476.8   0.0161000011
R1203                33551                     648614.8 4643490.2   0.0161000011
R1203                33561                     648635.8 4643503.6   0.0161000011
R1203                33571                     648656.9 4643517.0   0.0161000011
R1203                33581                     648678.0 4643530.3   0.0161000011
R1203                33591                     648699.2 4643543.8   0.0161000011
R1203                33601                     648720.2 4643557.2   0.0161000011
R1203                33611                     648741.4 4643570.6   0.0161000011
R1203                33621                     648762.5 4643584.0   0.0161000011
R1203                33631                     648783.6 4643597.4   0.0161000011
R1203                33641                     648804.8 4643610.8   0.0161000011
R1203                33651                     648825.8 4643624.1   0.0161000011
R1203                33661                     648846.9 4643637.6   0.0161000011
R1203                33671                     648868.0 4643650.9   0.0161000011
R1203                33681                     648889.1 4643664.3   0.0161000011
R1203                33691                     648910.3 4643677.8   0.0161000011
R1203                33701                     648931.3 4643691.3   0.0161000011
R1203                33711                     648952.5 4643704.6   0.0161000011
R1203                33721                     648973.5 4643717.9   0.0161000011
R1203                33731                     648994.7 4643731.4   0.0161000011
R1203                33741                     649015.8 4643744.8   0.0161000011
R1203                33751                     649036.9 4643758.2   0.0161000011
R1203                33761                     649058.0 4643771.5   0.0161000011
R1203                33771                     649079.1 4643784.9   0.0161000011
R1203                33781                     649100.2 4643798.4   0.0161000011
R1203                33791                     649121.3 4643811.7   0.0161000011
R1203                33801                     649142.4 4643825.1   0.0161000011
R1203                33811                     649163.4 4643838.6   0.0161000011
R1203                33821                     649184.7 4643851.8   0.0161000011
R1203                33831                     649205.7 4643865.3   0.0161000011
R1203                33841                     649226.9 4643878.7   0.0161000011
R1203                33851                     649247.9 4643892.2   0.0161000011
R1203                33861                     649269.0 4643905.6   0.0161000011
R1203                33871                     649290.1 4643918.9   0.0161000011
R1203                33881                     649311.2 4643932.2   0.0161000011
R1203                33891                     649332.4 4643945.7   0.0161000011
R1203                33901                     649353.5 4643959.1   0.0161000011
R1203                33911                     649374.6 4643972.5   0.0161000011
R1203                33921                     649395.7 4643985.9   0.0161000011
R1203                33931                     649416.9 4643999.3   0.0161000011
R1203                33941                     649437.9 4644012.6   0.0161000011
R1203                33951                     649459.0 4644026.1   0.0161000011
R1203                33961                     649480.2 4644039.5   0.0161000011
R1203                33971                     649501.2 4644052.9   0.0161000011
R1203                33981                     649522.4 4644066.3   0.0161000011
R1203                33991                     649543.5 4644079.7   0.0161000011
R1203                34001                     649564.6 4644093.1   0.0161000011
R1203                34011                     649585.6 4644106.5   0.0161000011
R1203                34021                     649606.8 4644119.9   0.0161000011
R1203                34031                     649627.9 4644133.3   0.0161000011
R1203                34041                     649649.0 4644146.7   0.0161000011
R1203                34051                     649670.1 4644160.1   0.0161000011
R1203                34061                     649691.2 4644173.6   0.0161000011
R1203                34071                     649712.3 4644186.9   0.0161000011
R1203                34081                     649733.5 4644200.3   0.0161000011
R1203                34091                     649754.5 4644213.7   0.0161000011
R1203                34101                     649775.6 4644227.1   0.0161000011
R1203                34111                     649796.7 4644240.5   0.0161000011
R1203                34121                     649817.8 4644253.8   0.0161000011
R1203                34131                     649839.0 4644267.2   0.0161000011
R1203                34141                     649860.0 4644280.7   0.0161000011
R1203                34151                     649881.1 4644294.0   0.0161000011
R1203                34161                     649902.3 4644307.5   0.0161000011
R1203                34171                     649923.4 4644320.9   0.0161000011
R1203                34181                     649944.5 4644334.3   0.0161000011
R1203                34191                     649965.6 4644347.6   0.0161000011
R1203                34201                     649986.6 4644361.0   0.0161000011
R1203                34211                     650007.7 4644374.5   0.0161000011
R1203                34221                     650028.9 4644387.9   0.0161000011
R1203                34231                     650050.1 4644401.2   0.0161000011
R1203                34241                     650071.1 4644414.6   0.0161000011
R1203                34251                     650092.2 4644428.1   0.0161000011
R1203                34261                     650113.3 4644441.5   0.0161000011
R1203                34271                     650134.4 4644454.8   0.0161000011
R1203                34281                     650155.6 4644468.3   0.0161000011
R1203                34291                     650176.7 4644481.6   0.0161000011
R1203                34301                     650197.8 4644495.1   0.0161000011
R1203                34311                     650218.9 4644508.4   0.0161000011
R1203                34321                     650240.0 4644521.8   0.0161000011
R1203                34331                     650261.1 4644535.2   0.0161000011
R1203                34341                     650282.2 4644548.6   0.0161000011
R1203                34351                     650303.3 4644562.0   0.0161000011
R1203                34361                     650324.4 4644575.5   0.0161000011
R1203                34371                     650345.5 4644588.8   0.0161000011
R1203                34381                     650366.7 4644602.2   0.0161000011
R1203                34391                     650387.7 4644615.5   0.0161000011
R1203                34401                     650408.9 4644629.0   0.0161000011
R1203                34411                     650429.9 4644642.5   0.0161000011
R1203                34421                     650451.0 4644655.8   0.0161000011
R1203                34431                     650472.2 4644669.2   0.0161000011
R1203                34441                     650493.2 4644682.7   0.0161000011
R1203                34451                     650514.3 4644696.1   0.0161000011
R1203                34461                     650535.5 4644709.4   0.0161000011
R1203                34471                     650556.6 4644722.8   0.0161000011
R1203                34481                     650577.7 4644736.2   0.0161000011
R1203                34491                     650598.7 4644749.6   0.0161000011
R1203                34501                     650619.9 4644763.0   0.0161000011
R1203                34511                     650641.0 4644776.4   0.0161000011
R1203                34521                     650662.1 4644789.9   0.0161000011
R1203                34531                     650683.2 4644803.2   0.0161000011
R1203                34541                     650704.3 4644816.5   0.0161000011
R1203                34551                     650725.5 4644830.0   0.0161000011
R1203                34561                     650746.5 4644843.4   0.0161000011
R1203                34571                     650767.6 4644856.8   0.0161000011
