S1203.0            3169.01               0                             161000011
S1203.0            3167.01               0                             161000309
S1203.0            3165.01               0                             161000621
S1203.0            3163.01               0                             161000942
S1203.0            3161.01               0                             161003524
S1203.0            3159.01               0                             161003907
S1203.0            3157.01               0                             161004218
S1203.0            3155.01               0                             161004543
S1203.0            3153.01               0                             161004922
S1203.0            3151.01               0                             161005245
S1203.0            3149.01               0                             161005557
S1203.0            3147.01               0                             161005904
S1203.0            3145.01               0                             161010214
S1203.0            3143.01               0                             161010535
S1203.0            3141.01               0                             161010823
S1203.0            3139.01               0                             161011120
S1203.0            3139.02               0                             161011842
S1203.0            3137.01               0                             161012223
S1203.0            3135.01               0                             161012521
S1203.0            3133.01               0                             161012832
S1203.0            3131.01               0                             161013219
S1203.0            3129.01               0                             161013518
S1203.0            3127.01               0                             161013942
S1203.0            3125.01               0                             161014229
S1203.0            3123.01               0                             161014559
S1203.0            3125.02               0                             161015255
S1203.0            3121.01               0                             161015932
S1203.0            3119.01               0                             161020241
S1203.0            3117.01               0                             161020528
S1203.0            3115.01               0                             161020842
S1203.0            3113.01               0                             161021144
S1203.0            3111.01               0                             161021442
S1203.0            3109.01               0                             161021729
S1203.0            3107.01               0                             161022024
S1203.0            3105.01               0                             161022316
S1203.0            3103.01               0                             161022613
S1203.0            3101.01               0                             161022904
S1203.0            3099.01               0                             161023215
S1203.0            3097.01               0                             161023523
S1203.0            3095.01               0                             161023817
S1203.0            3093.01               0                             161024202
S1203.0            3091.01               0                             161024528
S1203.0            3089.01               0                             161024823
S1203.0            3087.01               0                             161025120
S1203.0            3085.01               0                             161025411
S1203.0            3083.01               0                             161025705
S1203.0            3081.01               0                             161030013
S1203.0            3079.01               0                             161030338
S1203.0            3077.01               0                             161030634
S1203.0            3075.01               0                             161031006
S1203.0            3073.01               0                             161031258
S1203.0            3071.01               0                             161031550
S1203.0            3069.01               0                             161031852
S1203.0            3067.01               0                             161032156
S1203.0            3065.01               0                             161032448
S1203.0            3063.01               0                             161032827
S1203.0            3061.01               0                             161033209
S1203.0            3059.01               0                             161033516
S1203.0            3057.01               0                             161033819
S1203.0            3055.01               0                             161034136
S1203.0            3053.01               0                             161034453
S1203.0            3051.01               0                             161034817
S1203.0            3049.01               0                             161035137
S1203.0            3047.01               0                             161035448
S1203.0            3045.01               0                             161035938
S1203.0            3043.01               0                             161040414
S1203.0            3041.01               0                             161040801
S1203.0            3039.01               0                             161041100
S1203.0            3037.01               0                             161041357
S1203.0            3035.01               0                             161041650
S1203.0            3033.01               0                             161041945
S1203.0            3031.01               0                             161042235
S1203.0            3029.01               0                             161042613
S1203.0            3027.01               0                             161042922
S1203.0            3025.01               0                             161043300
S1203.0            3023.01               0                             161043656
S1203.0            3021.01               0                             161044004
S1203.0            3019.01               0                             161044515
S1203.0            3017.01               0                             161045153
S1203.0            3015.01               0                             161045616
S1203.0            3013.01               0                             161050132
S1203.0            3011.01               0                             161050531
S1203.0            3009.01               0                             161050910
S1203.0            3007.01               0                             161051240
S1203.0            3005.01               0                             161051557
S1203.0            3003.01               0                             161051906
S1203.0            3001.01               0                             161052211
S1203.0            2999.01               0                             161052533
S1203.0            2997.01               0                             161053034
S1203.0            2995.01               0                             161053421
S1203.0            2993.01               0                             161090011
S1203.0            2991.01               0                             161090446
S1203.0            2989.01               0                             161090819
S1203.0            2987.01               0                             161091151
S1203.0            2993.02               0                             161092309
S1203.0            2991.02               0                             161092711
S1203.0            2989.02               0                             161093047
S1203.0            2987.02               0                             161093459
S1203.0            2985.01               0                             161093844
S1203.0            2983.01               0                             161094218
S1203.0            2981.01               0                             161094548
S1203.0            2979.01               0                             161094943
S1203.0            2977.01               0                             161095310
S1203.0            2975.01               0                             161095635
S1203.0            2973.01               0                             161100001
S1203.0            2971.01               0                             161100330
S1203.0            2969.01               0                             161100657
S1203.0            2967.01               0                             161101025
S1203.0            2965.01               0                             161101351
S1203.0            2963.01               0                             161101722
S1203.0            2961.01               0                             161102103
S1203.0            2959.01               0                             161102526
S1203.0            2957.01               0                             161102901
S1203.0            2955.01               0                             161103230
S1203.0            2953.01               0                             161103551
S1203.0            2951.01               0                             161103913
S1203.0            2949.01               0                             161104234
S1203.0            2947.01               0                             161104555
S1203.0            2945.01               0                             161104913
S1203.0            2943.01               0                             161105230
S1203.0            2941.01               0                             161105546
S1203.0            2939.01               0                             161105938
S1203.0            2937.01               0                             161110259
S1203.0            2935.01               0                             161110618
S1203.0            2933.01               0                             161111045
S1203.0            2931.01               0                             161111506
S1203.0            2929.01               0                             161111841
S1203.0            2927.01               0                             161112156
S1203.0            2925.01               0                             161112853
S1203.0            2923.01               0                             161113216
S1203.0            2921.01               0                             161113544
S1203.0            2919.01               0                             161114003
S1203.0            2917.01               0                             161114327
S1203.0            2915.01               0                             161114645
S1203.0            2913.01               0                             161115013
S1203.0            2911.01               0                             161115408
S1203.0            2909.01               0                             161115731
S1203.0            2907.01               0                             161120158
S1203.0            2905.01               0                             161120522
S1203.0            2903.01               0                             161120843
S1203.0            2901.01               0                             161121205
S1203.0            2899.01               0                             161121822
S1203.0            2897.01               0                             161130031
S1203.0            2895.01               0                             161132625
S1203.0            2895.02               0                             161133120
S1203.0            2893.01               0                             161133713
S1203.0            2891.01               0                             161140330
S1203.0            2889.01               0                             161140742
S1203.0            2887.01               0                             161141115
S1203.0            2885.01               0                             161141803
S1203.0            2883.01               0                             161142130
S1203.0            2881.01               0                             161142947
S1203.0            2879.01               0                             161143324
S1203.0            2877.01               0                             161150454
S1203.0            2875.01               0                             161150900
S1203.0            2873.01               0                             161151227
S1203.0            2871.01               0                             161151623
S1203.0            2869.01               0                             161151959
S1203.0            2867.01               0                             161152327
S1203.0            2865.01               0                             161154945
S1203.0            2865.02               0                             161155440
