X1     3586101203.0            3169.01   1 28811203                2881    31681
X1     3586101203.0            3169.01 289 57611203                3170    34571
X1     3587101203.0            3167.01   1 28811203                2879    31661
X1     3587101203.0            3167.01 289 57611203                3168    34551
X1     3588101203.0            3165.01   1 28811203                2877    31641
X1     3588101203.0            3165.01 289 57611203                3166    34531
X1     3589101203.0            3163.01   1 28811203                2875    31621
X1     3589101203.0            3163.01 289 57611203                3164    34511
X1     3590101203.0            3161.01   1 28811203                2873    31601
X1     3590101203.0            3161.01 289 57611203                3162    34491
X1     3591101203.0            3159.01   1 28811203                2871    31581
X1     3591101203.0            3159.01 289 57611203                3160    34471
X1     3592101203.0            3157.01   1 28811203                2869    31561
X1     3592101203.0            3157.01 289 57611203                3158    34451
X1     3593101203.0            3155.01   1 28811203                2867    31541
X1     3593101203.0            3155.01 289 57611203                3156    34431
X1     3594101203.0            3153.01   1 28811203                2865    31521
X1     3594101203.0            3153.01 289 57611203                3154    34411
X1     3595101203.0            3151.01   1 28811203                2863    31501
X1     3595101203.0            3151.01 289 57611203                3152    34391
X1     3596101203.0            3149.01   1 28811203                2861    31481
X1     3596101203.0            3149.01 289 57611203                3150    34371
X1     3597101203.0            3147.01   1 28811203                2859    31461
X1     3597101203.0            3147.01 289 57611203                3148    34351
X1     3598101203.0            3145.01   1 28811203                2857    31441
X1     3598101203.0            3145.01 289 57611203                3146    34331
X1     3599101203.0            3143.01   1 28811203                2855    31421
X1     3599101203.0            3143.01 289 57611203                3144    34311
X1     3600101203.0            3141.01   1 28811203                2853    31401
X1     3600101203.0            3141.01 289 57611203                3142    34291
X1     3601101203.0            3139.01   1 28811203                2851    31381
X1     3601101203.0            3139.01 289 57611203                3140    34271
X1     3602101203.0            3139.02   1 28811203                2851    31381
X1     3602101203.0            3139.02 289 57611203                3140    34271
X1     3603101203.0            3137.01   1 28811203                2849    31361
X1     3603101203.0            3137.01 289 57611203                3138    34251
X1     3604101203.0            3135.01   1 28811203                2847    31341
X1     3604101203.0            3135.01 289 57611203                3136    34231
X1     3605101203.0            3133.01   1 28811203                2845    31321
X1     3605101203.0            3133.01 289 57611203                3134    34211
X1     3606101203.0            3131.01   1 28811203                2843    31301
X1     3606101203.0            3131.01 289 57611203                3132    34191
X1     3607101203.0            3129.01   1 28811203                2841    31281
X1     3607101203.0            3129.01 289 57611203                3130    34171
X1     3608101203.0            3127.01   1 28811203                2839    31261
X1     3608101203.0            3127.01 289 57611203                3128    34151
X1     3609101203.0            3125.01   1 28811203                2837    31241
X1     3609101203.0            3125.01 289 57611203                3126    34131
X1     3610101203.0            3123.01   1 28811203                2835    31221
X1     3610101203.0            3123.01 289 57611203                3124    34111
X1     3611101203.0            3125.02   1 28811203                2837    31241
X1     3611101203.0            3125.02 289 57611203                3126    34131
X1     3612101203.0            3121.01   1 28811203                2833    31201
X1     3612101203.0            3121.01 289 57611203                3122    34091
X1     3613101203.0            3119.01   1 28811203                2831    31181
X1     3613101203.0            3119.01 289 57611203                3120    34071
X1     3614101203.0            3117.01   1 28811203                2829    31161
X1     3614101203.0            3117.01 289 57611203                3118    34051
X1     3615101203.0            3115.01   1 28811203                2827    31141
X1     3615101203.0            3115.01 289 57611203                3116    34031
X1     3616101203.0            3113.01   1 28811203                2825    31121
X1     3616101203.0            3113.01 289 57611203                3114    34011
X1     3617101203.0            3111.01   1 28811203                2823    31101
X1     3617101203.0            3111.01 289 57611203                3112    33991
X1     3618101203.0            3109.01   1 28811203                2821    31081
X1     3618101203.0            3109.01 289 57611203                3110    33971
X1     3619101203.0            3107.01   1 28811203                2819    31061
X1     3619101203.0            3107.01 289 57611203                3108    33951
X1     3620101203.0            3105.01   1 28811203                2817    31041
X1     3620101203.0            3105.01 289 57611203                3106    33931
X1     3621101203.0            3103.01   1 28811203                2815    31021
X1     3621101203.0            3103.01 289 57611203                3104    33911
X1     3622101203.0            3101.01   1 28811203                2813    31001
X1     3622101203.0            3101.01 289 57611203                3102    33891
X1     3623101203.0            3099.01   1 28811203                2811    30981
X1     3623101203.0            3099.01 289 57611203                3100    33871
X1     3624101203.0            3097.01   1 28811203                2809    30961
X1     3624101203.0            3097.01 289 57611203                3098    33851
X1     3625101203.0            3095.01   1 28811203                2807    30941
X1     3625101203.0            3095.01 289 57611203                3096    33831
X1     3626101203.0            3093.01   1 28811203                2805    30921
X1     3626101203.0            3093.01 289 57611203                3094    33811
X1     3627101203.0            3091.01   1 28811203                2803    30901
X1     3627101203.0            3091.01 289 57611203                3092    33791
X1     3628101203.0            3089.01   1 28811203                2801    30881
X1     3628101203.0            3089.01 289 57611203                3090    33771
X1     3629101203.0            3087.01   1 28811203                2799    30861
X1     3629101203.0            3087.01 289 57611203                3088    33751
X1     3630101203.0            3085.01   1 28811203                2797    30841
X1     3630101203.0            3085.01 289 57611203                3086    33731
X1     3631101203.0            3083.01   1 28811203                2795    30821
X1     3631101203.0            3083.01 289 57611203                3084    33711
X1     3632101203.0            3081.01   1 28811203                2793    30801
X1     3632101203.0            3081.01 289 57611203                3082    33691
X1     3633101203.0            3079.01   1 28811203                2791    30781
X1     3633101203.0            3079.01 289 57611203                3080    33671
X1     3634101203.0            3077.01   1 28811203                2789    30761
X1     3634101203.0            3077.01 289 57611203                3078    33651
X1     3635101203.0            3075.01   1 28811203                2787    30741
X1     3635101203.0            3075.01 289 57611203                3076    33631
X1     3636101203.0            3073.01   1 28811203                2785    30721
X1     3636101203.0            3073.01 289 57611203                3074    33611
X1     3637101203.0            3071.01   1 28811203                2783    30701
X1     3637101203.0            3071.01 289 57611203                3072    33591
X1     3638101203.0            3069.01   1 28811203                2781    30681
X1     3638101203.0            3069.01 289 57611203                3070    33571
X1     3639101203.0            3067.01   1 28811203                2779    30661
X1     3639101203.0            3067.01 289 57611203                3068    33551
X1     3640101203.0            3065.01   1 28811203                2777    30641
X1     3640101203.0            3065.01 289 57611203                3066    33531
X1     3641101203.0            3063.01   1 28811203                2775    30621
X1     3641101203.0            3063.01 289 57611203                3064    33511
X1     3642101203.0            3061.01   1 28811203                2773    30601
X1     3642101203.0            3061.01 289 57611203                3062    33491
X1     3643101203.0            3059.01   1 28811203                2771    30581
X1     3643101203.0            3059.01 289 57611203                3060    33471
X1     3644101203.0            3057.01   1 28811203                2769    30561
X1     3644101203.0            3057.01 289 57611203                3058    33451
X1     3645101203.0            3055.01   1 28811203                2767    30541
X1     3645101203.0            3055.01 289 57611203                3056    33431
X1     3646101203.0            3053.01   1 28811203                2765    30521
X1     3646101203.0            3053.01 289 57611203                3054    33411
X1     3647101203.0            3051.01   1 28811203                2763    30501
X1     3647101203.0            3051.01 289 57611203                3052    33391
X1     3648101203.0            3049.01   1 28811203                2761    30481
X1     3648101203.0            3049.01 289 57611203                3050    33371
X1     3649101203.0            3047.01   1 28811203                2759    30461
X1     3649101203.0            3047.01 289 57611203                3048    33351
X1     3650101203.0            3045.01   1 28811203                2757    30441
X1     3650101203.0            3045.01 289 57611203                3046    33331
X1     3651101203.0            3043.01   1 28811203                2755    30421
X1     3651101203.0            3043.01 289 57611203                3044    33311
X1     3652101203.0            3041.01   1 28811203                2753    30401
X1     3652101203.0            3041.01 289 57611203                3042    33291
X1     3653101203.0            3039.01   1 28811203                2751    30381
X1     3653101203.0            3039.01 289 57611203                3040    33271
X1     3654101203.0            3037.01   1 28811203                2749    30361
X1     3654101203.0            3037.01 289 57611203                3038    33251
X1     3655101203.0            3035.01   1 28811203                2747    30341
X1     3655101203.0            3035.01 289 57611203                3036    33231
X1     3656101203.0            3033.01   1 28811203                2745    30321
X1     3656101203.0            3033.01 289 57611203                3034    33211
X1     3657101203.0            3031.01   1 28811203                2743    30301
X1     3657101203.0            3031.01 289 57611203                3032    33191
X1     3658101203.0            3029.01   1 28811203                2741    30281
X1     3658101203.0            3029.01 289 57611203                3030    33171
X1     3659101203.0            3027.01   1 28811203                2739    30261
X1     3659101203.0            3027.01 289 57611203                3028    33151
X1     3660101203.0            3025.01   1 28811203                2737    30241
X1     3660101203.0            3025.01 289 57611203                3026    33131
X1     3661101203.0            3023.01   1 28811203                2735    30221
X1     3661101203.0            3023.01 289 57611203                3024    33111
X1     3662101203.0            3021.01   1 28811203                2733    30201
X1     3662101203.0            3021.01 289 57611203                3022    33091
X1     3663101203.0            3019.01   1 28811203                2731    30181
X1     3663101203.0            3019.01 289 57611203                3020    33071
X1     3664101203.0            3017.01   1 28811203                2729    30161
X1     3664101203.0            3017.01 289 57611203                3018    33051
X1     3665101203.0            3015.01   1 28811203                2727    30141
X1     3665101203.0            3015.01 289 57611203                3016    33031
X1     3666101203.0            3013.01   1 28811203                2725    30121
X1     3666101203.0            3013.01 289 57611203                3014    33011
X1     3667101203.0            3011.01   1 28811203                2723    30101
X1     3667101203.0            3011.01 289 57611203                3012    32991
X1     3668101203.0            3009.01   1 28811203                2721    30081
X1     3668101203.0            3009.01 289 57611203                3010    32971
X1     3669101203.0            3007.01   1 28811203                2719    30061
X1     3669101203.0            3007.01 289 57611203                3008    32951
X1     3670101203.0            3005.01   1 28811203                2717    30041
X1     3670101203.0            3005.01 289 57611203                3006    32931
X1     3671101203.0            3003.01   1 28811203                2715    30021
X1     3671101203.0            3003.01 289 57611203                3004    32911
X1     3672101203.0            3001.01   1 28811203                2713    30001
X1     3672101203.0            3001.01 289 57611203                3002    32891
X1     3673101203.0            2999.01   1 28811203                2711    29981
X1     3673101203.0            2999.01 289 57611203                3000    32871
X1     3674101203.0            2997.01   1 28811203                2709    29961
X1     3674101203.0            2997.01 289 57611203                2998    32851
X1     3675101203.0            2995.01   1 28811203                2707    29941
X1     3675101203.0            2995.01 289 57611203                2996    32831
X1     3676101203.0            2993.01   1 28811203                2705    29921
X1     3676101203.0            2993.01 289 57611203                2994    32811
X1     3677101203.0            2991.01   1 28811203                2703    29901
X1     3677101203.0            2991.01 289 57611203                2992    32791
X1     3678101203.0            2989.01   1 28811203                2701    29881
X1     3678101203.0            2989.01 289 57611203                2990    32771
X1     3679101203.0            2987.01   1 28811203                2699    29861
X1     3679101203.0            2987.01 289 57611203                2988    32751
X1     3676101203.0            2993.02   1 28811203                2705    29921
X1     3676101203.0            2993.02 289 57611203                2994    32811
X1     3677101203.0            2991.02   1 28811203                2703    29901
X1     3677101203.0            2991.02 289 57611203                2992    32791
X1     3678101203.0            2989.02   1 28811203                2701    29881
X1     3678101203.0            2989.02 289 57611203                2990    32771
X1     3679101203.0            2987.02   1 28811203                2699    29861
X1     3679101203.0            2987.02 289 57611203                2988    32751
X1     3680101203.0            2985.01   1 28811203                2697    29841
X1     3680101203.0            2985.01 289 57611203                2986    32731
X1     3681101203.0            2983.01   1 28811203                2695    29821
X1     3681101203.0            2983.01 289 57611203                2984    32711
X1     3682101203.0            2981.01   1 28811203                2693    29801
X1     3682101203.0            2981.01 289 57611203                2982    32691
X1     3683101203.0            2979.01   1 28811203                2691    29781
X1     3683101203.0            2979.01 289 57611203                2980    32671
X1     3684101203.0            2977.01   1 28811203                2689    29761
X1     3684101203.0            2977.01 289 57611203                2978    32651
X1     3685101203.0            2975.01   1 28811203                2687    29741
X1     3685101203.0            2975.01 289 57611203                2976    32631
X1     3686101203.0            2973.01   1 28811203                2685    29721
X1     3686101203.0            2973.01 289 57611203                2974    32611
X1     3687101203.0            2971.01   1 28811203                2683    29701
X1     3687101203.0            2971.01 289 57611203                2972    32591
X1     3688101203.0            2969.01   1 28811203                2681    29681
X1     3688101203.0            2969.01 289 57611203                2970    32571
X1     3689101203.0            2967.01   1 28811203                2679    29661
X1     3689101203.0            2967.01 289 57611203                2968    32551
X1     3690101203.0            2965.01   1 28811203                2677    29641
X1     3690101203.0            2965.01 289 57611203                2966    32531
X1     3691101203.0            2963.01   1 28811203                2675    29621
X1     3691101203.0            2963.01 289 57611203                2964    32511
X1     3692101203.0            2961.01   1 28811203                2673    29601
X1     3692101203.0            2961.01 289 57611203                2962    32491
X1     3693101203.0            2959.01   1 28811203                2671    29581
X1     3693101203.0            2959.01 289 57611203                2960    32471
X1     3694101203.0            2957.01   1 28811203                2669    29561
X1     3694101203.0            2957.01 289 57611203                2958    32451
X1     3695101203.0            2955.01   1 28811203                2667    29541
X1     3695101203.0            2955.01 289 57611203                2956    32431
X1     3696101203.0            2953.01   1 28811203                2665    29521
X1     3696101203.0            2953.01 289 57611203                2954    32411
X1     3697101203.0            2951.01   1 28811203                2663    29501
X1     3697101203.0            2951.01 289 57611203                2952    32391
X1     3698101203.0            2949.01   1 28811203                2661    29481
X1     3698101203.0            2949.01 289 57611203                2950    32371
X1     3699101203.0            2947.01   1 28811203                2659    29461
X1     3699101203.0            2947.01 289 57611203                2948    32351
X1     3700101203.0            2945.01   1 28811203                2657    29441
X1     3700101203.0            2945.01 289 57611203                2946    32331
X1     3701101203.0            2943.01   1 28811203                2655    29421
X1     3701101203.0            2943.01 289 57611203                2944    32311
X1     3702101203.0            2941.01   1 28811203                2653    29401
X1     3702101203.0            2941.01 289 57611203                2942    32291
X1     3703101203.0            2939.01   1 28811203                2651    29381
X1     3703101203.0            2939.01 289 57611203                2940    32271
X1     3704101203.0            2937.01   1 28811203                2649    29361
X1     3704101203.0            2937.01 289 57611203                2938    32251
X1     3705101203.0            2935.01   1 28811203                2647    29341
X1     3705101203.0            2935.01 289 57611203                2936    32231
X1     3706101203.0            2933.01   1 28811203                2645    29321
X1     3706101203.0            2933.01 289 57611203                2934    32211
X1     3707101203.0            2931.01   1 28811203                2643    29301
X1     3707101203.0            2931.01 289 57611203                2932    32191
X1     3708101203.0            2929.01   1 28811203                2641    29281
X1     3708101203.0            2929.01 289 57611203                2930    32171
X1     3709101203.0            2927.01   1 28811203                2639    29261
X1     3709101203.0            2927.01 289 57611203                2928    32151
X1     3710101203.0            2925.01   1 28811203                2637    29241
X1     3710101203.0            2925.01 289 57611203                2926    32131
X1     3711101203.0            2923.01   1 28811203                2635    29221
X1     3711101203.0            2923.01 289 57611203                2924    32111
X1     3712101203.0            2921.01   1 28811203                2633    29201
X1     3712101203.0            2921.01 289 57611203                2922    32091
X1     3713101203.0            2919.01   1 28811203                2631    29181
X1     3713101203.0            2919.01 289 57611203                2920    32071
X1     3714101203.0            2917.01   1 28811203                2629    29161
X1     3714101203.0            2917.01 289 57611203                2918    32051
X1     3715101203.0            2915.01   1 28811203                2627    29141
X1     3715101203.0            2915.01 289 57611203                2916    32031
X1     3716101203.0            2913.01   1 28811203                2625    29121
X1     3716101203.0            2913.01 289 57611203                2914    32011
X1     3717101203.0            2911.01   1 28811203                2623    29101
X1     3717101203.0            2911.01 289 57611203                2912    31991
X1     3718101203.0            2909.01   1 28811203                2621    29081
X1     3718101203.0            2909.01 289 57611203                2910    31971
X1     3719101203.0            2907.01   1 28811203                2619    29061
X1     3719101203.0            2907.01 289 57611203                2908    31951
X1     3720101203.0            2905.01   1 28811203                2617    29041
X1     3720101203.0            2905.01 289 57611203                2906    31931
X1     3721101203.0            2903.01   1 28811203                2615    29021
X1     3721101203.0            2903.01 289 57611203                2904    31911
X1     3722101203.0            2901.01   1 28811203                2613    29001
X1     3722101203.0            2901.01 289 57611203                2902    31891
X1     3723101203.0            2899.01   1 28811203                2611    28981
X1     3723101203.0            2899.01 289 57611203                2900    31871
X1     3724101203.0            2897.01   1 28811203                2609    28961
X1     3724101203.0            2897.01 289 57611203                2898    31851
X1     3725101203.0            2895.01   1 28811203                2607    28941
X1     3725101203.0            2895.01 289 57611203                2896    31831
X1     3726101203.0            2895.02   1 28811203                2607    28941
X1     3726101203.0            2895.02 289 57611203                2896    31831
X1     3727101203.0            2893.01   1 28811203                2605    28921
X1     3727101203.0            2893.01 289 57611203                2894    31811
X1     3728101203.0            2891.01   1 28811203                2603    28901
X1     3728101203.0            2891.01 289 57611203                2892    31791
X1     3729101203.0            2889.01   1 28811203                2601    28881
X1     3729101203.0            2889.01 289 57611203                2890    31771
X1     3730101203.0            2887.01   1 28811203                2599    28861
X1     3730101203.0            2887.01 289 57611203                2888    31751
X1     3731101203.0            2885.01   1 28811203                2597    28841
X1     3731101203.0            2885.01 289 57611203                2886    31731
X1     3732101203.0            2883.01   1 28811203                2595    28821
X1     3732101203.0            2883.01 289 57611203                2884    31711
X1     3733101203.0            2881.01   1 28811203                2593    28801
X1     3733101203.0            2881.01 289 57611203                2882    31691
X1     3734101203.0            2879.01   1 28811203                2591    28781
X1     3734101203.0            2879.01 289 57611203                2880    31671
X1     3735101203.0            2877.01   1 28811203                2589    28761
X1     3735101203.0            2877.01 289 57611203                2878    31651
X1     3736101203.0            2875.01   1 28811203                2587    28741
X1     3736101203.0            2875.01 289 57611203                2876    31631
X1     3737101203.0            2873.01   1 28811203                2585    28721
X1     3737101203.0            2873.01 289 57611203                2874    31611
X1     3738101203.0            2871.01   1 28811203                2583    28701
X1     3738101203.0            2871.01 289 57611203                2872    31591
X1     3739101203.0            2869.01   1 28811203                2581    28681
X1     3739101203.0            2869.01 289 57611203                2870    31571
X1     3740101203.0            2867.01   1 28811203                2579    28661
X1     3740101203.0            2867.01 289 57611203                2868    31551
X1     3741101203.0            2865.01   1 28811203                2577    28641
X1     3741101203.0            2865.01 289 57611203                2866    31531
X1     3742101203.0            2865.02   1 28811203                2577    28641
X1     3742101203.0            2865.02 289 57611203                2866    31531
